1938952	2004-07-25	4.405593872	1.409622192	293.5604248
1938966	2004-07-26	2.048339844	-0.12663269	289.7160645
1938975	2004-07-27	3.155075073	-3.257827759	291.8640747
1938983	2004-07-28	-0.484725952	-1.32472229	292.2524109
1938989	2004-07-29	-1.664474487	-0.24937439	293.9118652
1938997	2004-07-30	-1.716369629	-0.250686646	293.6767578
1938999	2004-07-31	0.992401123	1.420455933	288.2745972
1939005	2004-08-01	2.16897583	-1.412460327	289.190979
1939010	2004-08-02	1.949493408	-1.294937134	287.4709167
1939016	2004-08-03	-0.235321045	-2.092788696	287.9072571
1939029	2004-08-04	-2.111953735	0.215499878	288.1434937
1939046	2004-08-05	-3.94229126	-0.392333984	298.7364502
1939056	2004-08-06	-4.871398926	0.150787354	296.2869873
1939077	2004-08-07	-4.691619873	0.273193359	299.7427979
1939094	2004-08-08	-3.545272827	-0.421951294	298.4802551
1939102	2004-08-09	-5.038009644	0.465866089	301.2775879
1939116	2004-08-10	-3.238998413	-1.219223022	299.5865479
1939125	2004-08-11	1.144836426	0.107803345	299.0963745
1939134	2004-08-12	1.763458252	-1.082183838	291.1816101
1939139	2004-08-13	7.22114563	1.205795288	289.8299561
1939142	2004-08-14	4.84753418	0.663986206	288.2307129
1939149	2004-08-15	0.198104858	-1.093948364	288.1488342
1939168	2004-08-16	0.579330444	2.927139282	289.4573059
1939180	2004-08-17	1.747955322	5.891326904	291.6154175
1939189	2004-08-18	-0.511932373	3.544586182	291.0529785
1939205	2004-08-19	-0.220993042	2.849563599	298.802124
1939221	2004-08-20	1.36265564	1.499282837	298.6290283
1939229	2004-08-21	0.511581421	0.627151489	303.6633301
1939243	2004-08-22	4.483200073	-1.890945435	296.1951599
1939246	2004-08-23	0.613586426	-1.456802368	290.0324707
1939250	2004-08-24	1.395294189	-1.092010498	288.1947632
1939256	2004-08-25	0.134094238	-3.613830566	288.5612488
1939260	2004-08-26	0.456268311	-3.150299072	290.0645447
1939264	2004-08-27	2.541412354	-0.866317749	293.7254639
1939272	2004-08-28	-0.216705322	-1.445648193	290.65802
1939282	2004-08-29	1.287353516	-2.210922241	293.6081238
1939291	2004-08-30	1.949279785	-5.078598022	296.3950806
1939301	2004-08-31	1.850540161	-4.680725098	309.1806641
1939309	2004-09-01	0.434906006	-2.688766479	311.2567444
1939322	2004-09-02	1.178955078	2.893890381	312.1553955
1939328	2004-09-03	0.89112854	1.932922363	306.6729126
1939336	2004-09-04	2.205810547	1.425109863	309.9511719
1939344	2004-09-05	-0.601531982	6.09954834	306.6941833
1939348	2004-09-06	0.94329834	7.144470215	299.1088562
1939354	2004-09-07	0.249435425	3.138442993	301.140686
1939358	2004-09-08	1.944869995	4.816101074	300.053833
1939363	2004-09-09	1.505172729	4.577072144	297.4726563
1939370	2004-09-10	1.03868103	3.083480835	300.3972778
1939378	2004-09-11	2.729675293	3.750991821	298.4713135
1939386	2004-09-12	1.632720947	5.286071777	301.1530151
1939395	2004-09-13	2.078918457	3.985855103	302.1177368
1939406	2004-09-14	1.365341187	2.521530151	301.7199097
1939413	2004-09-15	0.229187012	5.222579956	302.63797
1939421	2004-09-16	1.814559937	0.18270874	309.6642761
1939430	2004-09-17	3.032089233	-2.320587158	308.8629456
1939438	2004-09-18	-0.017211914	0.718795776	304.5411072
1939444	2004-09-19	1.959350586	3.11668396	299.106781
1939450	2004-09-20	0.620254517	2.629455566	297.8048706
1939457	2004-09-21	0.913650513	2.344512939	295.9524841
1939463	2004-09-22	0.274459839	2.592422485	297.2589111
1939470	2004-09-23	0.306228638	2.435699463	296.9923401
1939480	2004-09-24	3.275680542	1.506988525	296.8666992
1939489	2004-09-25	1.490829468	2.364883423	299.1143188
1939498	2004-09-26	2.205429077	2.505233765	299.519165
1939509	2004-09-27	1.109939575	0.669448853	301.0804443
1939518	2004-09-28	2.358718872	-1.336380005	299.6835632
1939526	2004-09-29	-0.26109314	-2.082366943	301.0305786
1939533	2004-09-30	1.748840332	0.28364563	299.4389038
1939540	2004-10-01	1.531585693	-0.365814209	294.1370239
1939547	2004-10-02	-1.486801147	1.370849609	291.9591675
1939552	2004-10-03	-0.500656128	1.333740234	293.8712158
1939558	2004-10-04	-2.308547974	0.387069702	292.744873
1939565	2004-10-05	1.433822632	2.050064087	294.1886902
1939574	2004-10-06	1.387252808	2.389480591	296.0985107
1939584	2004-10-07	0.426925659	-0.327407837	293.9055786
1939592	2004-10-08	-1.176345825	-1.322097778	298.0783081
1939599	2004-10-09	-4.523345947	-2.427444458	305.3456421
1939606	2004-10-10	-3.073699951	0.357788086	305.2193909
1939619	2004-10-11	-1.207901001	-0.297607422	299.7713623
1939627	2004-10-12	-0.085494995	-0.635238647	306.461853
1939635	2004-10-13	0.735076904	2.009063721	305.6972656
1939642	2004-10-14	-0.619171143	2.694152832	299.1351624
1939649	2004-10-15	-1.847473145	-0.832046509	293.1685181
1939654	2004-10-16	-1.663040161	-1.205322266	292.9159241
1939659	2004-10-17	-2.190032959	-1.372344971	293.1461182
1939666	2004-10-18	-1.894195557	-1.24836731	299.2962036
1939675	2004-10-19	-1.344268799	-0.467315674	295.9170532
1939685	2004-10-20	0.228012085	-0.900817871	293.8094482
1939694	2004-10-21	0.549026489	1.981567383	296.3512573
1939700	2004-10-22	0.184707642	-1.449859619	300.5637207
1939708	2004-10-23	-1.321548462	0.050338745	299.6157227
1939716	2004-10-24	-3.61164856	-0.632797241	303.6002808
1939724	2004-10-25	-2.447463989	0.255340576	303.5145874
1939733	2004-10-26	0.266220093	2.280548096	302.2542114
1939741	2004-10-27	0.589126587	1.529846191	298.3321228
1939746	2004-10-28	1.052368164	0.634658813	294.7756042
1939756	2004-10-29	-1.5025177	-3.355010986	293.3212585
1939761	2004-10-30	0.80783844	2.698028564	294.502655
1939768	2004-10-31	0.011932373	2.789932251	296.9033813
1939775	2004-11-01	0.406982422	2.197280884	296.7041931
1939783	2004-11-02	1.471206665	3.513290405	296.0473022
1939791	2004-11-03	-1.059448242	4.204772949	298.039978
1939800	2004-11-04	-1.616470337	2.387771606	302.8754272
1939808	2004-11-05	-2.489089966	-1.853363037	302.3309631
1939816	2004-11-06	-1.620834351	-1.943878174	304.8034668
1939825	2004-11-07	-1.131576538	1.636001587	304.9785156
1939831	2004-11-08	-1.292007446	1.746444702	305.1727905
1939838	2004-11-09	-0.446578979	2.502029419	295.5092468
1939843	2004-11-10	-0.681167603	2.20640564	296.1955566
1939849	2004-11-11	0.029678345	2.359054565	296.241272
1939858	2004-11-12	-0.695709229	1.833145142	295.8601074
1939865	2004-11-13	0.001083374	2.523651123	296.8096924
1939873	2004-11-14	-0.484130859	2.443847656	297.4198608
1939882	2004-11-15	0.792282104	0.058074951	295.8858032
1939895	2004-11-16	-0.059326172	1.123901367	302.3900452
1939900	2004-11-17	-0.829849243	1.536453247	300.7678223
1939910	2004-11-18	-0.826889038	1.024215698	301.3273926
1939921	2004-11-19	-1.73916626	0.200836182	299.3776245
1939931	2004-11-20	-0.842514038	-0.374038696	297.3025818
1939941	2004-11-21	0.523712158	-1.889938354	296.6940918
1939949	2004-11-22	0.895187378	-0.246963501	292.5722046
1939954	2004-11-23	0.595214844	-1.472000122	291.2564087
1939960	2004-11-24	-0.232589722	0.327163696	291.2501221
1939970	2004-11-25	-0.086334229	0.430709839	290.6377563
1939978	2004-11-26	-1.228744507	-0.187194824	288.8609009
1939986	2004-11-27	-0.949127197	-0.696228027	285.6747742
1939996	2004-11-28	-0.964874268	0.498550415	292.022583
1940004	2004-11-29	-2.21762085	-1.11869812	293.1715698
1940012	2004-11-30	-0.834365845	2.003585815	294.2031555
1940019	2004-12-01	-1.789077759	-0.896621704	295.5543213
1940027	2004-12-02	-3.830917358	-0.079727173	294.8557739
1940036	2004-12-03	-5.280563354	-0.399871826	298.9873657
1940044	2004-12-04	-2.669128418	-0.234054565	296.2024231
1940050	2004-12-05	-4.093017578	0.135284424	292.7302246
1940055	2004-12-06	-2.052749634	0.241653442	293.4035645
1940062	2004-12-07	-2.383514404	-0.955764771	294.4191589
1940068	2004-12-08	-2.670913696	-1.670715332	296.5106812
1940076	2004-12-09	-1.315841675	0.03364563	294.7299194
1940086	2004-12-10	-1.849319458	-1.558883667	294.0652466
1940095	2004-12-11	-1.897720337	-0.094741821	294.851593
1940104	2004-12-12	-4.479736328	1.054916382	292.9053955
1940112	2004-12-13	-1.427581787	-1.212631226	293.8780518
1940119	2004-12-14	-0.139251709	2.198883057	302.6152954
1940128	2004-12-15	-2.056411743	0.960327148	307.3935547
1940136	2004-12-16	-3.052459717	-2.301727295	304.1779175
1940147	2004-12-17	0.259185791	2.144515991	300.43573
1940158	2004-12-18	-1.260375977	-0.323013306	302.2691345
1940163	2004-12-19	-1.01713562	-1.837600708	298.2263184
1940170	2004-12-20	-0.093429565	-1.739517212	295.9761353
1940178	2004-12-21	-1.469406128	-2.237335205	294.9327698
1940186	2004-12-22	-1.454086304	-2.524368286	296.1940308
1940198	2004-12-23	-2.427017212	-0.168289185	296.1264038
1940207	2004-12-24	-5.059463501	-1.121185303	295.2961121
1940215	2004-12-25	-1.946166992	-3.413970947	295.3139038
1940224	2004-12-26	-0.705825806	-2.074493408	293.64505
1940233	2004-12-27	1.633483887	2.204208374	297.1040649
1940243	2004-12-28	-3.542022705	0.46925354	294.4196167
1940250	2004-12-29	5.740722656	-1.749542236	304.4296875
1940262	2004-12-30	2.47064209	2.649810791	292.9422607
1940273	2004-12-31	-2.021209717	2.382324219	289.4178162
1940282	2005-01-01	-2.538482666	3.070632935	287.8776245
1940288	2005-01-02	-3.669387817	1.738433838	287.6900024
1940294	2005-01-03	-4.092926025	1.872589111	288.6593628
1940303	2005-01-04	-2.332733154	0.19744873	290.1356201
1940313	2005-01-05	1.372955322	1.51373291	289.4732056
1940321	2005-01-06	-2.093551636	-0.698898315	293.3404541
1940328	2005-01-07	3.451889038	1.869354248	295.0925598
1940334	2005-01-08	1.428222656	2.219711304	292.6555176
1940341	2005-01-09	-2.920318604	3.736633301	293.8748169
1940350	2005-01-10	-1.315444946	0.262435913	304.2660522
1940358	2005-01-11	-2.599136353	4.122085571	294.8778992
1940367	2005-01-12	-5.835647583	1.308609009	292.1335754
1940376	2005-01-13	-3.347015381	-0.852798462	289.5523376
1940385	2005-01-14	0.322769165	1.788635254	291.8756714
1940392	2005-01-15	-0.360961914	2.072433472	289.3237915
1940399	2005-01-16	-2.150024414	-0.250534058	285.5383911
1940410	2005-01-17	-2.541320801	-0.868179321	287.243866
1940421	2005-01-18	-3.947921753	0.032989502	291.131134
1940430	2005-01-19	-1.178955078	-0.628753662	296.2185974
1940438	2005-01-20	-2.086990356	2.127120972	298.6290588
1940446	2005-01-21	-0.013519287	2.022079468	294.6304321
1940455	2005-01-22	2.908172607	3.587509155	299.02005
1940467	2005-01-23	4.482498169	4.128509521	296.2516479
1940479	2005-01-24	1.789932251	3.371047974	298.7540283
1940491	2005-01-25	3.041168213	0.572937012	289.7683105
1940501	2005-01-26	-0.570632935	1.482437134	289.4224243
1940511	2005-01-27	-2.021621704	-0.621810913	288.2650757
1940520	2005-01-28	-0.479614258	0.551193237	288.7501831
1940528	2005-01-29	-4.631866455	-0.177841187	290.3292847
1940537	2005-01-30	-4.148391724	-0.980239868	291.1527405
1940546	2005-01-31	2.009063721	-0.7837677	286.9311523
1940556	2005-02-01	-2.596923828	-0.608306885	291.0316162
1940563	2005-02-02	-2.49987793	-1.831817627	304.2327576
1940571	2005-02-03	3.460220337	1.283813477	296.9144287
1940578	2005-02-04	1.538070679	4.59513855	295.1200562
1940589	2005-02-05	-4.425628662	1.444137573	298.0093994
1940598	2005-02-06	-10.52110386	-1.561477661	298.2164612
1940608	2005-02-07	-0.819122314	-2.130050659	290.3977051
1940617	2005-02-08	-0.405319214	1.318466187	291.5912781
1940629	2005-02-09	-2.880661011	2.883773804	290.383667
1940638	2005-02-10	-2.497940063	-0.496307373	290.392395
1940649	2005-02-11	0.439758301	1.873214722	290.2011108
1940661	2005-02-12	-6.439102173	0.84916687	288.4243164
1940671	2005-02-13	2.690139771	1.643005371	290.412262
1940680	2005-02-14	-0.322387695	0.084625244	291.6466675
1940688	2005-02-15	0.130142212	-1.072555542	291.302002
1940695	2005-02-16	-0.741729736	0.044021606	305.4722595
1940703	2005-02-17	3.874359131	-2.101348877	299.645813
1940715	2005-02-18	-3.288742065	0.504348755	294.8310547
1940727	2005-02-19	-1.097396851	2.533843994	295.9553223
1940737	2005-02-20	-1.738113403	2.957275391	291.2070923
1940745	2005-02-21	-3.20552063	-0.573059082	291.1174316
1940754	2005-02-22	-0.810134888	0.260848999	291.9855347
1940761	2005-02-23	-0.481140137	1.31942749	292.0787354
1940768	2005-02-24	-0.625747681	0.185317993	291.4004517
1940779	2005-02-25	-1.703552246	2.229721069	287.8078308
1940787	2005-02-26	-2.240615845	-3.812606812	291.6865845
1940796	2005-02-27	-1.855484009	-4.803253174	293.6204224
1940804	2005-02-28	-1.223022461	-2.770126343	299.6091919
1940812	2005-03-01	-0.413848877	-0.463973999	299.8573303
1940818	2005-03-02	-4.537612915	-1.075775146	305.5457153
1940829	2005-03-03	-0.373962402	-2.249435425	301.8095703
1940837	2005-03-04	0.231552124	-0.984573364	297.369751
1940844	2005-03-05	-1.988128662	-0.738891602	294.088623
1940852	2005-03-06	0.392913818	0.004364014	293.4804077
1940858	2005-03-07	1.261001587	0.966201782	293.1135254
1940864	2005-03-08	0.427474976	-1.91065979	291.1835327
1940869	2005-03-09	-1.990219116	1.026016235	291.8678589
1940880	2005-03-10	-3.399871826	0.461685181	289.7160645
1940887	2005-03-11	-3.709014893	1.201049805	294.1473694
1940897	2005-03-12	-4.042541504	2.964126587	296.1538696
1940906	2005-03-13	-0.875534058	-1.084991455	298.8497009
1940913	2005-03-14	-3.999511719	-0.675079346	298.8274231
1940922	2005-03-15	-2.693023682	1.275939941	303.1699829
1940931	2005-03-16	-2.058425903	2.934432983	300.1295166
1940939	2005-03-17	2.217651367	-0.939804077	302.6763306
1940945	2005-03-18	0.398040771	-3.417633057	294.633728
1940951	2005-03-19	0.867706299	-4.79347229	295.961853
1940956	2005-03-20	1.167617798	-5.497680664	295.2950439
1940963	2005-03-21	0.881851196	-5.540924072	295.6481323
1940970	2005-03-22	0.074035645	-5.890533447	295.7530823
1940977	2005-03-23	-3.926879883	-4.845550537	292.995575
1940986	2005-03-24	-5.141494751	-4.217941284	294.7595215
1940994	2005-03-25	-1.549133301	-5.663391113	293.538269
1941001	2005-03-26	0.349777222	-3.170608521	301.4358521
1941008	2005-03-27	2.401672363	-3.353149414	303.9407349
1941020	2005-03-28	0.924255371	-1.258804321	304.3745728
1941029	2005-03-29	2.648025513	-1.340713501	303.1545715
1941036	2005-03-30	0.799209595	-1.197113037	301.8717041
1941042	2005-03-31	-1.301193237	2.236175537	288.1487122
1941048	2005-04-01	2.008804321	0.190048218	286.6489563
1941052	2005-04-02	0.008224487	3.427764893	283.4197693
1941058	2005-04-03	2.13053894	1.616516113	281.0368652
1941065	2005-04-04	2.472244263	-2.092132568	273.4752197
1941074	2005-04-05	1.463760376	-3.40246582	278.6244202
1941083	2005-04-06	-0.004974365	-2.37739563	270.7259827
1941094	2005-04-07	-0.579284668	0.91065979	285.141449
1941102	2005-04-08	-1.180526733	-0.183563232	287.5254517
1941110	2005-04-09	1.766296387	1.148651123	290.1786804
1941128	2005-04-11	-2.261108398	-1.622711182	289.7163696
1941131	2005-04-12	-1.797454834	0.826766968	286.3956299
1941137	2005-04-13	-1.586380005	-0.483551025	283.8201599
1941141	2005-04-14	0.606658936	4.339569092	283.697937
1941147	2005-04-15	2.117477417	4.642593384	284.840271
1941154	2005-04-16	3.68397522	2.137405396	283.9459229
1941161	2005-04-17	0.725601196	1.846389771	282.2317505
1941171	2005-04-18	-4.734512329	2.459503174	285.0467529
1941177	2005-04-19	1.900863647	0.225067139	281.8517456
1941185	2005-04-20	-0.25213623	1.181915283	281.203186
1941196	2005-04-21	-2.52281189	-2.677276611	278.490387
1941208	2005-04-22	-2.290466309	-4.597808838	278.1908875
1941213	2005-04-23	2.853271484	-0.487319946	282.8414001
1941227	2005-04-24	-3.734542847	-1.129470825	288.4438782
1941238	2005-04-25	-2.710296631	-1.876937866	286.248291
1941243	2005-04-26	-2.742599487	-1.030532837	280.1082764
1941251	2005-04-27	1.204940796	4.156890869	281.4921875
1941256	2005-04-28	4.524429321	0.999465942	279.508728
1941265	2005-04-30	1.751785278	0.375152588	283.331543
1941274	2005-05-01	0.291610718	0.755508423	287.3425293
1941288	2005-05-02	2.420074463	4.461380005	302.4597778
1941295	2005-05-03	1.675079346	1.219680786	293.4796143
1941305	2005-05-04	5.100204468	-2.383514404	288.3829041
1941314	2005-05-05	4.931304932	-3.997406006	287.4249878
1941323	2005-05-06	6.148773193	-0.10017395	285.6869507
1941331	2005-05-07	2.326309204	-0.496398926	281.750061
1941340	2005-05-08	1.96307373	-0.646850586	281.6171265
1941345	2005-05-09	3.87512207	-0.536911011	280.8590393
1941347	2005-05-10	4.25112915	0.092727661	277.0425415
1941352	2005-05-11	4.793716431	-1.702835083	278.9155579
1941357	2005-05-12	2.294433594	-2.130508423	277.3753662
1941363	2005-05-13	-2.517105103	0.388824463	276.3352356
1941375	2005-05-14	-3.409545898	0.101196289	283.8778381
1941383	2005-05-15	3.906845093	-1.24067688	284.1913452
1941389	2005-05-16	3.932556152	1.250183105	289.5395508
1941395	2005-05-17	1.699676514	-2.192367554	281.7447205
1941407	2005-05-18	0.756759644	-3.674835205	284.923645
1941419	2005-05-19	-0.801467896	1.819351196	288.9945984
1941432	2005-05-20	-1.591918945	1.65145874	291.1253662
1941436	2005-05-21	-0.072555542	1.731674194	290.8692627
1941443	2005-05-22	-0.033081055	1.246551514	288.0985107
1941446	2005-05-23	2.62890625	-0.602279663	286.4553833
1941449	2005-05-24	1.903076172	-0.179367065	282.6992188
1941455	2005-05-25	2.460647583	2.123275757	288.0340271
1941460	2005-05-26	-0.476577759	2.38394165	285.4477539
1941471	2005-05-27	1.984512329	2.048614502	291.9830933
1941483	2005-05-28	-0.38092041	2.887771606	293.9494324
1941494	2005-05-29	0.813049316	-2.857788086	295.5682983
1941506	2005-05-30	4.32635498	-0.55027771	293.9433594
1941517	2005-05-31	6.439849854	-1.194076538	289.2324219
1941527	2005-06-01	4.840423584	-1.97769165	288.862793
1941539	2005-06-02	1.589660645	0.153793335	291.8533325
1941549	2005-06-03	-0.91355896	2.517929077	297.1913147
1941556	2005-06-04	5.893203735	0.722396851	287.6011353
1941559	2005-06-05	5.551864624	1.123474121	286.1028442
1941562	2005-06-06	2.948928833	-2.097137451	284.4406738
1941566	2005-06-07	5.330291748	-3.362503052	280.4846497
1941577	2005-06-08	2.287414551	-3.147521973	286.3432007
1941586	2005-06-09	1.36869812	-2.686218262	283.9336243
1941605	2005-06-10	3.918838501	-3.137893677	289.5881653
1941612	2005-06-11	4.012405396	-1.634109497	285.0462036
1941631	2005-06-12	0.861099243	0.659988403	287.363678
1941632	2005-06-13	7.371170044	2.099212646	291.8015747
1941647	2005-06-14	1.175796509	-0.815124512	293.2252808
1941657	2005-06-15	-0.177764893	-1.639923096	295.7745972
1941665	2005-06-16	2.102355957	-1.080917358	294.8874512
1941671	2005-06-17	4.66595459	-1.454711914	292.7143555
1941674	2005-06-18	3.921066284	-3.438369751	287.6124268
1941682	2005-06-19	0.81300354	-0.04347229	284.1528625
1941695	2005-06-20	-1.586853027	0.395721436	290.241272
1941702	2005-06-21	-0.341247559	2.587661743	292.2560425
1941712	2005-06-22	2.316543579	-2.006896973	290.7267456
1941731	2005-06-23	-0.042556763	0.121582031	298.2045288
1941741	2005-06-24	-1.42616272	3.117416382	299.7612915
1941758	2005-06-25	5.197723389	-0.420455933	302.4561157
1941787	2005-06-26	1.287780762	-1.339508057	291.6020813
1941791	2005-06-27	1.075668335	-2.022872925	297.1503296
1941807	2005-06-28	1.102325439	-1.624267578	294.8864136
1941812	2005-06-29	-1.265319824	-1.901733398	286.6099548
1941822	2005-06-30	-3.520950317	-0.756622314	289.7655334
1941829	2005-07-01	2.306793213	-0.437988281	287.388916
1941836	2005-07-02	2.382583618	-0.846511841	287.8191833
1941846	2005-07-03	-0.932601929	1.792678833	287.531311
1941858	2005-07-04	-1.59185791	1.356170654	290.898468
1941873	2005-07-05	4.207168579	-1.745895386	288.3796692
1941894	2005-07-06	1.40838623	1.069854736	287.5241699
1941908	2005-07-07	0.265472412	2.118515015	289.2426147
1941920	2005-07-08	-1.553482056	0.897888184	292.6239624
1941935	2005-07-09	-1.147537231	-0.855484009	293.7778931
1941948	2005-07-10	-2.953964233	-5.325042725	299.5588989
1941964	2005-07-11	-2.010940552	-2.812530518	294.9932861
1941968	2005-07-12	-1.311950684	-1.895629883	299.7295532
1941972	2005-07-13	-1.790481567	-2.021881104	288.7823181
1941981	2005-07-14	-1.396865845	-2.243179321	290.7817993
1941988	2005-07-15	0.052764893	1.459655762	289.7756958
1941998	2005-07-16	1.22064209	-1.338729858	289.3035583
1942010	2005-07-17	2.92137146	-2.042404175	288.1032715
1942030	2005-07-18	-0.701889038	0.947692871	298.4884644
1942043	2005-07-19	7.31111145	-0.429351807	291.7278442
1942061	2005-07-21	9.964111328	2.663909912	289.4329529
1942086	2005-07-22	4.43081665	0.334640503	288.4816284
1942089	2005-07-23	3.889038086	0.462524414	291.90448
1942105	2005-07-25	2.441726685	-0.171188354	294.3911133
1942110	2005-07-26	3.480545044	2.460220337	288.7606812
1942116	2005-07-27	-0.655503273	-0.982452393	287.4588013
1942129	2005-07-28	-0.36706543	2.459335327	301.512207
1942132	2005-07-29	1.489135742	1.735778809	294.1710815
1942143	2005-07-30	4.952194214	4.253036499	294.2691956
1942155	2005-07-31	1.179772377	1.37739563	293.8214111
