69
71
70
72
66
62
63
63
61
57
66
63
55
66
59
69
62
58
69
65
59
65
65
61
58
71
59
63
72
72
59
80
78
82
82
74
80
82
78
80
81
78
77
78
72
83
84
77
72
68
80
79
74
73
79
72
69
64
76
76
68
62
60
59
60
60
59
55
60
70
71
61
74
65
74
78
64
73
77
77
78
78
78
77
78
87
89
78
73
62
69
59
70
60
62
74
78
70
69
67
78
77
89
64
69
73
87
84
69
77
96
74
79
103
104
97
97
104
106
106
101
105
104
105
94
102
96
92
88
85
82
98
90
86
92
85
80
79
91
88
85
82
81
80
80
84
76
76
81
91
81
79
87
97
94
78
83
95
82
84
90
94
94
84
96
95
102
98
94
83
84
80
85
90
82
98
99
99
89
83
96
85
78
76
89
82
79
79
76
74
78
75
73
79
75
74
79
90
75
79
84
75
78
86
87
79
82
92
79
87
89
90
82
82
79
77
80
75
75
71
82
75
71
79
73
71
70
73
71
66
71
69
69
75
67
65
71
70
69
73
85
73
70
73
87
69
74
89
77
81
89
90
95
93
90
95
94
93
81
80
74
92
83
73
91
79
75
67
79
73
68
66
78
76
68
66
74
68
69
75
79
75
79
93
73
78
79
92
69
72
86
74
80
79
81
80
82
83
82
80
80
80
70
87
85
77
72
87
79
73
84
75
69
77
73
71
70
76
73
68
76
73
70
68
74
75
73
78
89
74
80
73
79
89
89
77
86
89
83
86
85
85
85
86
79
89
89
80
77
89
79
75
90
79
75
72
79
76
73
72
76
74
72
77
78
75
73
78
75
73
79
89
76
81
89
73
79
85
85
85
83
82
81
83
78
83
83
84
80
77
77
79
79
75
74
75
73
72
72
74
70
68
67
67
65
65
65
65
65
64
66
64
63
63
66
65
60
61
65
73
55
63
70
69
66
66
73
76
75
68
69
72
82
80
81
70
71
73
66
72
70
67
71
73
67
67
79
72
70
66
73
70
67
74
71
66
68
65
64
73
70
69
75
74
73
78
71
70
74
70
75
75
77
71
76
76
68
71
73
71
69
69
76
71
85
89
79
74
94
86
81
88
83
78
76
81
77
75
84
80
77
73
77
73
70
78
71
69
75
73
72
79
73
82
88
84
86
72
78
81
78
72
71
77
72
81
75
69
66
76
68
75
70
67
62
70
67
63
62
88
92
78
73
68
68
63
61
61
61
59
59
57
59
58
59
58
62
60
60
62
71
63
62
64
74
61
70
78
68
80
88
90
71
78
81
80
67
71
72
63
69
70
62
88
74
66
71
66
63
62
66
62
62
61
79
72
67
66
63
61
60
62
54
53
62
57
68
82
64
70
81
80
74
85
89
88
78
81
74
70
71
71
72
67
79
78
71
66
74
72
65
61
59
78
69
63
62
65
62
62
61
69
63
59
58
66
65
61
60
65
64
63
67
77
64
72
77
57
67
79
64
74
83
83
88
98
98
87
75
77
72
72
71
64
61
77
67
61
77
87
75
68
63
69
66
65
65
65
63
63
63
64
63
63
63
66
63
64
65
70
59
63
76
63
71
79
83
65
75
83
83
65
77
73
85
82
70
90
84
78
80
79
73
68
71
66
66
65
73
67
65
65
67
65
64
66
70
66
63
68
66
66
66
67
65
62
66
74
58
61
66
65
73
69
77
80
80
79
80
81
85
78
90
91
93
86
82
84
76
71
69
76
72
70
74
71
69
66
71
68
68
74
64
64
66
63
70
80
68
69
78
84
70
70
84
85
73
81
82
85
82
78
75
79
79
74
78
76
72
86
81
81
78
77
81
85
79
77
85
79
74
71
82
77
73
70
76
72
68
72
69
76
91
73
70
76
90
68
74
90
90
71
75
89
69
84
90
87
85
83
88
85
87
87
85
75
67
88
86
85
72
64
86
72
65
84
71
65
59
59
67
61
56
50
51
56
46
45
48
51
33
49
55
42
47
32
28
38
52
51
51
54
57
58
60
58
48
63
65
54
62
56
69
54
51
53
51
50
53
53
51
50
56
51
56
60
48
53
55
48
49
50
46
47
49
42
41
37
35
41
40
49
51
48
45
41
60
54
49
56
55
51
45
56
49
48
47
45
43
47
45
50
61
58
75
85
69
59
62
57
58
58
55
52
55
48
46
47
45
42
47
46
39
42
42
42
41
40
43
51
38
51
61
52
62
47
52
51
53
54
61
57
64
64
59
59
56
55
52
49
